00100001001000000000000000010000
00110001001000000000000000010000
00001111111111111111111111111101
00010000000000000000000000001111
01000100010011000000000000000100
01101000010011000000000000000100
10000000000000000000000100100011
10000010000000000000000100100011
10000100000000000000000100100011
10000110000000000000000100100011
10001000000000000000000100100011
10110000001001000000000000000001
10110010001001011111111111111110
10110100001001000000000000000011
10110110001001011111111111111100
10111000001001000000000000000101
