b0c0816f
b0400003
80000000
80000000
80000000
b6440004
80000000
80000000
80000000
b4647e90
b0400003
80000000
80000000
80000000
b8440004
80000000
80000000
80000000
b444005a
80000000
80000000
80000000
80000223
80000000
80000000
80000000
b2640004
b6440004
80000000
80000000
80000000
80000223
80000000
80000000
80000000
b04402df
80000700
80000000
80000000
80000000
b66e0168
80000000
80000000
b88e0168
80000000
80000000
b8660004
80000000
80000000
b8880004
3300001c
80000000
80000000
80000000
80000000
34000017
80000000
80000000
80000000
80000000
b6ae0004
80000000
80000000
80000000
80000552
80000000
80000000
80000000
61540000
b70e0004
80000000
80000000
80000000
80000868
80000000
80000000
80000000
41600000
b0ee0001
80000000
80000000
b1007e90
b72e0004
80000000
80000000
80000000
398fffd2
80000000
80000000
80000000
80000000
80000700
80000000
80000000
80000000
b66e0168
80000000
80000000
b88e0168
80000000
80000000
b8660004
80000000
80000000
b8880004
23000035
80000000
80000000
80000000
80000000
34000030
80000000
80000000
80000000
80000000
b5060168
80000000
80000000
80000000
82000878
80000000
80000000
80000000
b13005a0
b7500004
80000000
80000000
80000000
62a80000
b7720004
80000000
80000000
80000000
62ec0000
82000c97
80000000
82000d78
80000000
82000e98
84000aac
84000bbd
80000000
80000000
80000000
80000bba
80000000
80000000
80000000
86000bbe
b70e0004
80000000
80000000
80000000
80000868
80000000
80000000
80000000
42e00000
b0ee0001
80000000
80000000
b1007d82
b72e0004
80000000
80000000
80000000
398fffb9
80000000
80000000
80000000
80000000
80000700
80000000
80000000
80000000
b66e0168
80000000
80000000
b88e0168
80000000
80000000
b8660004
b8880004
80000000
80000000
80000000
2400008a
80000000
80000000
80000000
80000000
82000874
80000000
80000000
80000000
b1300004
b0200003
80000000
80000000
80000000
2410002c
80000000
80000000
80000000
80000000
b0200002
80000000
80000000
80000000
24100014
80000000
80000000
80000000
80000000
b7500004
80000000
80000000
80000000
66a80000
b7720004
80000000
80000000
80000000
66ec0000
1e
80000000
80000000
80000000
80000000
b7500004
80000000
80000000
80000000
6aa80000
b7720004
80000000
80000000
80000000
6aec0000
f
80000000
80000000
80000000
80000000
b7500004
80000000
80000000
80000000
6ea80000
b7720004
80000000
80000000
80000000
6eec0000
82000c97
80000000
82000d78
80000000
82000e98
84000aac
84000bbd
80000000
80000000
80000000
80000bba
80000000
80000000
80000000
86000bbe
b0200003
80000000
80000000
80000000
2410002a
80000000
80000000
80000000
80000000
b0200002
80000000
80000000
80000000
24100013
80000000
80000000
80000000
80000000
b70e0004
80000000
80000000
80000000
80000868
80000000
80000000
80000000
46e00000
1c
80000000
80000000
80000000
80000000
b70e0004
80000000
80000000
80000000
80000868
80000000
80000000
80000000
4ae00000
e
80000000
80000000
80000000
80000000
b70e0004
80000000
80000000
80000000
80000868
80000000
80000000
80000000
4ee00000
b0ee0001
80000000
80000000
b101f5fe
b72e0004
80000000
80000000
80000000
398fff63
