2965406063
2956984323
2147483648
2147483648
2147483648
3057909764
2147483648
2147483648
2147483648
3026484880
2956984323
2147483648
2147483648
2147483648
3091464196
2147483648
2147483648
2147483648
3024355418
2147483648
2147483648
2147483648
2147484195
2147483648
2147483648
2147483648
2992898052
3057909764
2147483648
2147483648
2147483648
2147484195
2147483648
2147483648
2147483648
2957247199
2147485440
2147483648
2147483648
2147483648
3060662632
2147483648
2147483648
3096314216
2147483648
2147483648
3093692420
2147483648
2147483648
3095920644
855638044
2147483648
2147483648
2147483648
2147483648
872415255
2147483648
2147483648
2147483648
2147483648
3064856580
2147483648
2147483648
2147483648
2147485010
2147483648
2147483648
2147483648
1632894976
3071148036
2147483648
2147483648
2147483648
2147485800
2147483648
2147483648
2147483648
1096810496
2968387585
2147483648
2147483648
2969599632
3073245188
2147483648
2147483648
2147483648
965738450
2147483648
2147483648
2147483648
2147483648
2147485440
2147483648
2147483648
2147483648
3060662632
2147483648
2147483648
3096314216
2147483648
2147483648
3093692420
2147483648
2147483648
3095920644
587202613
2147483648
2147483648
2147483648
2147483648
872415280
2147483648
2147483648
2147483648
2147483648
3037069672
2147483648
2147483648
2147483648
2181040248
2147483648
2147483648
2147483648
2972714400
3075473412
2147483648
2147483648
2147483648
1655177216
3077701636
2147483648
2147483648
2147483648
1659633664
2181041303
2147483648
2181041528
2147483648
2181041816
2214595244
2214595517
2147483648
2147483648
2147483648
2147486650
2147483648
2147483648
2147483648
2248149950
3071148036
2147483648
2147483648
2147483648
2147485800
2147483648
2147483648
2147483648
1121976320
2968387585
2147483648
2147483648
2969599362
3073245188
2147483648
2147483648
2147483648
965738425
2147483648
2147483648
2147483648
2147483648
2147485440
2147483648
2147483648
2147483648
3060662632
2147483648
2147483648
3096314216
2147483648
2147483648
3093692420
3095920644
2147483648
2147483648
2147483648
603979914
2147483648
2147483648
2147483648
2147483648
2181040244
2147483648
2147483648
2147483648
2972712964
2954887171
2147483648
2147483648
2147483648
605028396
2147483648
2147483648
2147483648
2147483648
2954887170
2147483648
2147483648
2147483648
605028372
2147483648
2147483648
2147483648
2147483648
3075473412
2147483648
2147483648
2147483648
1722286080
3077701636
2147483648
2147483648
2147483648
1726742528
30
2147483648
2147483648
2147483648
2147483648
3075473412
2147483648
2147483648
2147483648
1789394944
3077701636
2147483648
2147483648
2147483648
1793851392
15
2147483648
2147483648
2147483648
2147483648
3075473412
2147483648
2147483648
2147483648
1856503808
3077701636
2147483648
2147483648
2147483648
1860960256
2181041303
2147483648
2181041528
2147483648
2181041816
2214595244
2214595517
2147483648
2147483648
2147483648
2147486650
2147483648
2147483648
2147483648
2248149950
2954887171
2147483648
2147483648
2147483648
605028394
2147483648
2147483648
2147483648
2147483648
2954887170
2147483648
2147483648
2147483648
605028371
2147483648
2147483648
2147483648
2147483648
3071148036
2147483648
2147483648
2147483648
2147485800
2147483648
2147483648
2147483648
1189085184
28
2147483648
2147483648
2147483648
2147483648
3071148036
2147483648
2147483648
2147483648
2147485800
2147483648
2147483648
2147483648
1256194048
14
2147483648
2147483648
2147483648
2147483648
3071148036
2147483648
2147483648
2147483648
2147485800
2147483648
2147483648
2147483648
1323302912
2968387585
2147483648
2147483648
2969695742
3073245188
2147483648
2147483648
2147483648
965738339
