10110000001000000000000101011001
10000000000000000000000000000000
10000000000000000000000000000000
10000000000000000000000000000000
10110000010000100000000100101100
10000000000000000000000000000000
10000000000000000000000000000000
10000000000000000000000000000000
10000000011001000010000000000000
10000010100001000010000000000000
10000000000000000000000000000000
10000000000000000000000000000000
10000000000000000000000000000000
10000100101010001000000000000000
10000000000000000000000000000000
10000000000000000000000000000000
10000000000000000000000000000000
10000110000010100010000000000000
10000011010000101000000000000000
