10110000010001000000000110010000
10110000110000000010000100110100
10000000111000000000000000000000
10000000000000000000000000000000
10000000000000000000000000000000
10000000000000000000000000000000
10110110011011100000000101101000
10111000100011100000000101101000
10000000000000000000000000000000
10000000000000000000000000000000
10000000000000000000000000000000
00110100000000000000000000000110
10000000000000000000000000000000
10000000000000000000000000000000
10000000000000000000000000000000
10000000000000000000000000000000
10000001111011100000000000000000
10111000011001100000000000000100
10000000000000000000000000000000
10000000000000000000000000000000
10111000100010000000000000000100
00110011000000000000000000100101
10000000000000000000000000000000
10000000000000000000000000000000
10000000000000000000000000000000
10000000000000000000000000000000
00110100000000000000000000100000
10000000000000000000000000000000
10000000000000000000000000000000
10000000000000000000000000000000
10000000000000000000000000000000
10000010101011111110000000000000
10000000000000000000000000000000
10000000000000000000000000000000
10000000000000000000000000000000
10110100101010100000000000000100
10000000000000000000000000000000
10000000000000000000000000000000
10000000000000000000000000000000
10000000101111101010000000000000
10000000000000000000000000000000
10000000000000000000000000000000
10000000000000000000000000000000
10110110101010100000000000010000
10000000000000000000000000000000
10000000000000000000000000000000
10000000000000000000000000000000
10000000101010100100000000000000
10000001000011100000000000000000
10000000000000000000000000000000
10000000000000000000000000000000
10000000000000000000000000000000
10000001000100001100000000000000
01100001010101000000000000000000
10000000000000000000000000000000
10000000000000000000000000000000
10000000000000000000000000000000
01000001011000000000000000000000
10110000111011100000000000000001
10110001000000000111111010010000
10000000000000000000000000000000
10000000000000000000000000000000
10000000000000000000000000000000
10110101000100000000000000000100
10000000000000000000000000000000
10000000000000000000000000000000
10000000000000000000000000000000
00110111100011111111111111000011
10000000000000000000000000000000
10000000000000000000000000000000
10000000000000000000000000000000
10000000000000000000000000000000
10000000111000000000000000000000
