b0440190
b0c02134
80e00000
80000000
80000000
80000000
b66e0168
b88e0168
80000000
80000000
80000000
34000006
80000000
80000000
80000000
80000000
81ee0000
b8660004
80000000
80000000
b8880004
33000025
80000000
80000000
80000000
80000000
34000020
80000000
80000000
80000000
80000000
82afe000
80000000
80000000
80000000
b4aa0004
80000000
80000000
80000000
80bea000
80000000
80000000
80000000
b6aa0010
80000000
80000000
80000000
80aa4000
810e0000
80000000
80000000
80000000
8110c000
61540000
80000000
80000000
80000000
41600000
b0ee0001
b1007e90
80000000
80000000
80000000
b5100004
80000000
80000000
80000000
378fffc3
80000000
80000000
80000000
80000000
80e00000
