10110000001000000000000110010000
10110000010000000010000100110100
10110000011000000000000011100011
10000000000000000000000000000000
10000000000000000000000000000000
10110000100000000000000010000101
00110010001100000000000000000110
10000000000000000000000000000000
10000000000000000000000000000000
10000000000000000000000000000000
10000000000000000000000000000000
01000001000010000000000000000000
10110000101001000000000000000001
10000000000000000000000000000000
10000000000000000000000000000000
10000000000000000000000000000000
01000000110101000000000000000000
01100001100010000000000000000000
01100001110101000000000000000000
