10110000010000000000000000000110
10000000001000000000000000000000
10000000000000000000000000000000
10000000000000000000000000000000
10000000000000000000000000000000
10110000001000100000000000000010
10000000000000000000000000000000
10000000000000000000000000000000
10000000000000000000000000000000
00110001001011111111111111111100
10000000000000000000000000000000
10000000000000000000000000000000
10000000000000000000000000000000
10000000000000000000000000000000
10110010011001000000000000000001
00000000000000000000000000001000
10000000000000000000000000000000
10000000000000000000000000000000
10000000000000000000000000000000
10000000000000000000000000000000
10110010011001000000000000000001
10110010100001000000000000000001
10110010101001000000000000000001
10110010011001000000000000000001
