10110000001000000010000100110100
<<<<<<< Updated upstream
10110000010000000000000000001010
=======
10110000010000000000000001001101
>>>>>>> Stashed changes
10000000000000000000000000000000
10000000000000000000000000000000
10000000000000000000000000000000
01000000100001000000000000000000
<<<<<<< Updated upstream
10110000011000000000000000001011
10110000001000100000000000000001
10000000000000000000000000000000
10000000000000000000000000000000
10000000000000000000000000000000
01000000110001000000000000000000
10110000001000001111110111101000
10000000000000000000000000000000
10000000000000000000000000000000
10000000000000000000000000000000
10110100001000100000000000000010
10000000000000000000000000000000
10000000000000000000000000000000
10000000000000000000000000000000
10110000001000100001111110100011
10000000000000000000000000000000
10000000000000000000000000000000
10000000000000000000000000000000
01000000110001000000000000000000
=======
10110000011000001111110111101000
10000000000000000000000000000000
10000000000000000000000000000000
10000000000000000000000000000000
10110100011001100000000000000010
10000000000000000000000000000000
10000000000000000000000000000000
10000000000000000000000000000000
10110000011001100001111110100100
10000000000000000000000000000000
10000000000000000000000000000000
10000000000000000000000000000000
01000000100011000000000000000000
10110000011001100000000000000001
10000000000000000000000000000000
10000000000000000000000000000000
10000000000000000000000000000000
01000000100011000000000000000000
10110000100000000000000110010001
10000000000000000000000000000000
10000000000000000000000000000000
10000000000000000000000000000000
01100000100100000000000000000000
>>>>>>> Stashed changes
